1.4527
2.5420
2.1288
1.2759
1.5315
0.5689
0.3301
-0.2664
-0.1075
1.0424
1.5764
2.4047
1.0090
0.9870
-0.1937
0.2299
0.5096
1.7040
2.4624
2.6231
1.5934
0.7988
-1.4126
-1.5783
-2.8139
-1.3213
-0.1551
0.0142
-0.3670
-0.1506
1.4846
2.5368
1.5810
1.4332
0.0261
0.4216
1.0763
1.7611
-0.1223
0.4068
-0.5388
-0.8076
0.1419
0.4117
0.1657
0.7393
2.2259
1.1572
-0.4243
-1.5017
-2.1456
-2.3877
-1.3335
-3.1526
-2.2861
-2.6073
-0.9863
-1.6446
-1.3081
-1.9841
-2.2688
-2.0752
-1.8889
-2.0360
-0.5005
0.1498
1.9750
1.3027
2.1088
-0.4122
0.3087
0.6184
0.1206
0.7918
1.5111
2.2425
2.2138
2.3721
1.2236
-0.1163
-0.3606
-0.1020
0.8694
-0.0950
-0.5655
2.5221
1.3951
3.0364
3.3902
2.1544
1.6170
1.0784
1.3362
2.4346
0.3099
2.2716
2.5951
1.5272
1.0957
1.1762
1.2371
2.1905
2.8425
1.9153
1.4023
1.8556
1.6048
2.4202
1.2494
1.4712
1.4653
2.5641
0.7058
0.5654
0.5058
-1.9373
-0.3017
2.5678
1.8221
1.7447
0.9312
1.1292
0.5236
0.3171
1.8718
0.6502
-0.0557
-0.1205
-0.2289
1.2562
3.0362
1.4508
0.5196
0.9362
0.3682
2.2874
3.4658
3.3317
3.2290
2.2448
2.5595
3.1750
2.6816
4.0734
3.9294
3.0334
2.7977
3.3347
2.2696
1.7302
3.7575
2.5321
2.9720
3.1958
4.1456
3.8425
0.6088
-0.3655
0.2193
0.4332
2.3090
3.2535
3.0997
2.5626
0.5016
2.2644
1.9456
0.0104
0.4416
0.4563
-0.2053
0.3288
-0.4445
-1.7036
-3.1172
-2.8576
-2.9131
-1.8904
-3.0149
-2.6202
-3.6013
-1.0713
-0.9740
0.4470
0.8526
1.5906
0.1183
1.3522
2.5343
-0.0494
-0.2160
-0.8249
-0.5034
-1.2529
-0.7233
0.0185
0.2595
0.0892
-1.2180
-0.9168
-1.2544
-2.2826
-1.8823
-1.7155
-1.1803
0.0481
0.6147
1.7976
0.7087
-0.2976
-0.3330
1.1168
2.1971
1.6319
0.7086
-0.9537
-0.0911
-0.0501
-1.2178
-1.3089
-2.8765
-1.8712
-1.6710
0.2945
-1.1239
0.0714
0.2008
0.2432
0.9112
1.9225
0.4669
1.6924
0.1439
-0.9590
-1.4397
-0.4153
-1.4022
-0.7871
-0.2178
-0.0201
0.5385
-0.7420
0.4139
0.4447
1.0858
-0.1149
-0.0399
0.8457
1.6907
1.2682
-0.8390
-1.7680
-1.1958
-0.1624
0.3332
-0.3460
1.9676
1.6464
2.1826
1.3304
-0.0506
0.6448
1.5535
3.0650
1.9230
-0.0896
1.5457
1.5007
0.0734
-0.5005
-1.2092
0.1936
0.7470
0.8404
0.9128
-0.0913
0.9201
1.0825
0.6048
0.2992
0.1376
-0.7770
0.1198
1.4880
3.6643
3.4354
1.9258
1.7416
0.3863
-0.3042
-0.9023
-1.5551
-0.8659
-1.8080
-0.7792
0.1720
1.1751
0.9196
1.3547
2.8868
