-0.5530
-2.3220
-2.2245
-1.2467
-0.5238
-0.7127
-2.2917
-3.8572
-2.8679
1.1669
3.1676
2.2922
1.2742
0.8387
2.8798
2.9575
0.4721
-1.2023
-0.5133
0.8011
0.5068
0.5319
-0.1061
-0.8735
-0.2819
1.8384
3.0647
2.0464
-0.6915
-3.3914
-2.6179
-1.0851
-1.0324
-1.6825
-1.3909
-0.1819
2.1141
4.6286
5.1255
4.2579
1.4798
0.4670
0.2303
-2.2012
0.2204
3.7508
1.9898
-0.3517
-0.3765
-2.0434
-3.7678
-2.0879
0.0341
-1.3020
-2.8930
-2.1300
-0.7202
-1.7308
-2.2206
0.6631
0.6825
-0.7716
0.9984
2.5258
2.2222
0.8618
-0.4084
-1.7051
-2.0369
-1.6166
-1.7212
0.0306
1.4912
1.4575
1.4133
0.0059
-3.0520
-4.9828
-3.4189
-1.1988
0.3354
0.5679
-1.3602
-2.0771
0.2063
1.8240
1.0500
-0.3632
0.5304
2.4775
1.8403
-1.1466
-3.1411
-2.1005
-1.4461
-1.8900
-1.4806
-1.2702
-1.7543
-1.6732
-1.4411
-2.4163
-1.7182
-0.8902
0.0404
0.6116
-0.1617
0.7056
1.9306
0.9226
-1.0726
-2.0267
-1.0464
0.9557
1.5540
0.2644
-0.2620
0.8107
0.7751
1.3560
1.5681
1.3815
2.2230
2.1373
0.8388
0.9085
-0.5521
-2.0283
-1.1240
0.2691
-0.2804
-2.4546
-5.3716
-4.5807
-0.2594
1.2517
2.5895
2.7295
-0.5438
-2.2959
-1.1763
0.5679
1.2057
-0.0571
-2.4924
-3.4288
-3.4815
-1.9524
-0.1144
-1.6362
-2.4012
-1.7767
0.0093
1.4317
1.2050
-0.2356
-0.4796
0.2875
0.6074
0.1180
0.3332
-1.6873
-3.0506
-0.4523
1.2010
1.0990
0.2597
-0.3107
-0.6992
0.3242
1.7711
2.8666
2.5177
0.9687
0.3650
1.8686
0.0100
-4.1363
-2.8596
2.2375
3.3760
2.6251
4.2840
4.4347
1.6259
-0.7469
-1.2899
-0.0004
0.7756
2.3483
2.6881
0.2813
-0.5294
0.4727
1.1344
-1.1555
-2.9145
-3.5711
-2.9392
-0.3509
2.2369
3.1192
2.5938
2.2137
1.5637
0.5186
1.0171
2.5820
1.9206
-1.5605
-5.2085
-6.4724
-5.3801
-2.5568
-1.0580
-1.0388
-0.2846
-0.9931
-2.6632
-3.0182
-2.7368
-2.3103
-0.5667
0.2436
0.4686
1.0996
1.1596
1.6049
3.7891
5.4328
2.3440
-0.4781
-1.4566
-3.6816
-5.0958
-5.6619
-5.5635
-2.1304
0.4338
2.8403
4.2238
3.5412
1.9882
0.3033
-1.1867
-1.2422
-1.8642
-3.0518
-3.4364
-2.2584
0.8602
4.4240
2.6386
-0.4792
-1.1811
-2.0220
-1.9661
-1.2097
-0.7143
0.5042
0.1966
-0.9732
-2.5350
-3.1653
-0.8804
-0.7624
-1.5340
-1.9514
-1.7341
-1.0869
-0.9587
-2.3320
-3.5821
-2.7974
-1.1016
-0.3424
-0.8986
0.2322
1.2935
-0.1513
-1.9023
-1.8198
0.1496
0.8174
0.9220
1.3316
0.3771
-1.3834
-1.4427
-0.5206
-1.0291
-2.2072
-1.3440
0.6215
0.7761
0.8177
0.7209
-0.0597
0.9024
1.1819
-1.9412
-4.6039
-3.2422
-1.0015
2.4847
2.5864
-0.3300
-1.0429
-1.6732
-0.9819
1.3374
3.2964
3.6947
-1.2687
-5.5838
-3.7155
-1.5164
-0.8263
-0.2135
-0.5362
-0.7674
0.1962
1.8952
1.2139
-0.9912
-2.1059
-0.7736
2.2325
3.9605
4.2101
3.2492
0.7099
-0.1682
2.1759
3.5052
3.0681
0.4457
-0.9840
-0.3388
0.5578
2.0627
1.6715
1.5736
0.9955
-0.3247
-0.1511
1.4400
1.5124
-0.5821
-0.0962
1.7453
-0.4242
-2.1015
-2.6106
-1.7592
1.3381
2.2786
-0.0433
-0.0993
0.6255
-0.7779
-2.7191
-4.0380
-2.9743
-1.1765
0.3142
0.9117
0.2552
-1.9800
-3.5220
-2.3761
-1.0683
0.6142
-0.2269
-2.0256
-1.3714
-0.9153
-0.9083
1.3018
1.4352
-0.6665
-2.5255
-1.7951
-1.2223
-2.2987
-0.6779
2.1634
1.4391
0.6780
0.4017
-0.2147
1.6262
5.0058
4.3316
1.2274
0.9439
2.0882
1.4538
0.0265
-1.1971
-3.6343
-4.1788
-3.2348
-2.4262
1.2084
3.4156
3.3831
1.4875
0.7459
-0.4046
-1.9725
-1.2249
0.6371
0.9890
-0.7672
-2.8567
-3.3759
-3.1509
-2.8017
-2.6738
-0.7454
1.3477
1.5011
-0.0561
-0.7353
0.1444
-0.3488
-2.3164
-4.3804
-3.0385
-1.3028
-1.0588
-0.4968
0.1244
-0.4332
-1.1049
-1.1137
0.6397
0.6097
-0.9664
0.0591
1.7217
0.3175
-0.3901
-2.2756
-4.0865
-1.0984
2.1429
2.6535
1.6643
0.1364
0.1548
3.0642
3.6816
2.8592
1.7046
-0.1948
-0.2192
-0.3159
0.0235
-0.8651
-4.3517
-4.9347
-1.9355
1.3469
2.2596
2.1316
1.9214
1.7711
0.3502
-0.9899
-1.3540
-1.3121
1.4833
1.7884
-0.3792
-1.0357
-0.2519
2.1253
3.8458
2.1035
-1.5108
-1.6813
-0.8776
-1.7467
-1.2456
-1.4849
-0.4678
1.3535
0.8970
0.7283
1.8552
1.5368
1.4342
1.9347
2.4466
2.3268
1.0750
1.7972
1.7295
0.7459
2.6032
2.9971
1.6105
1.2143
0.5554
-0.2069
0.3912
3.2090
4.8420
2.9091
-1.3834
-2.7829
-0.8758
-0.4599
0.0490
1.3439
1.8313
0.8135
-0.9241
-1.7845
-2.3854
-2.6245
-0.9483
-1.6958
-4.6752
-4.2320
-1.2425
-0.6576
-0.6371
1.3931
2.8560
0.4735
-2.4055
-3.0367
-2.3628
-1.9111
-2.2093
0.1017
1.8168
0.6754
0.0467
-1.4586
-3.5442
-2.5060
-0.0166
-0.4242
-0.2936
0.7949
0.7407
0.4125
-0.2881
-2.5566
-3.2766
-3.2035
-2.8392
-1.2297
0.1899
-0.9544
-1.5384
-1.6755
-1.4624
0.1187
2.5407
0.8307
-0.9727
-0.2566
0.0471
-0.6933
-0.6862
-0.3386
-0.9014
-1.6314
-0.6880
0.9348
2.2329
2.4596
1.2854
-0.9474
-1.4568
-0.7064
-0.1446
1.0163
0.9468
-0.5379
-1.2429
-0.5995
2.1012
2.3096
1.5849
1.3944
1.4706
1.4125
0.2018
-0.9035
0.1769
2.4439
3.5480
1.9477
-1.2554
