11.4630
11.4723
11.4949
11.5059
11.5144
11.5130
11.4810
11.4342
11.4064
11.4015
11.4340
11.4760
11.4824
11.4568
11.4689
11.5202
11.4891
11.4416
11.4201
11.4180
11.4056
11.3924
11.3852
11.3441
11.3229
11.3259
11.3246
11.3616
11.4265
11.4675
11.5527
11.6124
11.6638
11.7164
11.7879
11.8702
11.9377
12.0019
12.0876
12.1693
12.2554
12.3199
12.4051
12.4341
12.5171
12.5657
12.6051
12.6943
12.7552
12.7834
12.7987
12.8235
12.8612
12.8130
12.7357
12.6390
12.6913
12.5596
12.4747
12.4025
12.1098
11.7790
11.5891
11.4693
11.2924
11.1646
10.9402
10.8542
10.6690
10.3285
10.1122
9.9093
9.6662
9.4384
9.2501
9.0668
8.8984
8.7329
8.5732
8.4352
8.2937
8.1678
8.0574
7.9499
7.8562
7.7746
7.7117
7.6700
7.5905
7.4923
7.4270
7.3648
7.2852
7.1770
7.0776
6.9413
6.7898
6.6206
6.4278
6.2452
6.0482
5.8576
5.6843
5.5088
5.3515
5.2155
5.0797
4.9650
4.8713
4.7984
4.7410
4.6905
4.6218
4.5555
4.4898
4.4465
4.4383
4.4471
4.4615
4.4724
4.4909
4.5350
4.5780
4.6358
4.7277
4.8465
5.2010
5.6536
6.2545
6.3675
5.9461
5.6094
5.4804
5.4646
5.5087
5.5715
5.6234
5.6135
5.5479
5.4649
5.4006
5.3622
5.3250
5.2708
5.2149
5.1703
5.1291
5.0834
5.0640
5.0394
5.0314
5.0199
5.0462
5.0861
5.1351
5.1951
5.2931
5.4267
5.5247
5.6309
5.7650
5.9062
6.0197
6.1550
6.3426
6.6281
7.1759
7.5194
7.6524
7.7552
7.7651
8.2905
8.5827
8.4400
8.3330
8.3390
8.7750
9.2755
9.0857
8.7227
8.5299
8.4451
8.4419
8.4862
8.5561
8.6381
8.7642
8.9070
9.0619
9.2457
9.4091
9.5441
9.6985
9.8050
9.8676
9.9571
10.0643
10.1802
10.2543
10.2955
10.3196
10.3535
10.3296
10.2528
10.1604
10.0700
10.0757
10.0536
10.0960
9.9572
9.7211
9.5337
9.4258
9.3106
9.2068
9.1563
9.0727
8.9823
8.9797
8.8842
8.7868
8.8339
8.7781
8.6631
8.5777
8.5308
8.5065
8.5018
8.4832
8.4394
8.4288
8.4431
8.4265
8.4416
8.4479
8.4634
8.4875
8.5198
8.5842
8.6932
8.7758
8.8876
8.9610
9.0189
9.0956
9.1937
9.2919
9.4385
10.1190
10.4001
10.3553
10.3871
10.4573
10.6106
10.8269
11.0105
11.1910
12.1915
12.4092
12.1036
11.9876
11.9412
11.9177
11.9197
11.9312
11.9222
11.8983
11.8645
