8.1945
8.1810
8.1781
8.1799
8.1897
8.2016
8.2188
8.2172
8.2065
8.1970
8.1817
8.1617
8.1415
8.1012
8.0228
7.9013
7.7804
7.6373
7.4430
7.2115
6.9978
6.7969
6.5768
6.3556
6.1348
5.8669
5.6005
5.3584
5.1273
4.8881
4.6731
4.4424
4.2098
3.9945
3.8016
3.6220
3.4368
3.2614
3.0709
2.9052
2.7434
2.5662
2.4284
2.3293
2.2674
2.1975
2.1418
2.0915
2.0892
2.1592
2.2532
2.3202
2.6308
3.0815
3.3035
3.4316
3.5089
3.6052
3.7887
4.0108
4.2075
4.3760
4.4072
4.4480
4.5380
4.7248
4.9568
5.1849
5.4262
5.6831
5.9035
6.1644
6.4475
6.6866
6.9146
7.1884
7.3722
7.5428
7.9236
8.1315
8.2367
8.3635
8.4978
8.5957
8.7099
8.8502
9.0010
9.0287
8.9961
8.9522
8.9162
8.9038
9.0423
9.1116
9.0708
9.0414
9.0279
9.0384
9.0833
9.1318
9.2244
9.2823
9.3374
9.3948
9.4431
9.5664
9.6740
9.9170
9.9875
9.9731
10.0067
10.1443
10.2690
10.5533
10.7764
10.8749
10.9221
11.0212
11.1392
11.2306
11.4053
11.5652
11.6403
11.7412
11.8369
11.8671
11.8655
11.8677
11.8638
11.8616
11.8531
11.8046
11.7527
11.7487
11.7070
11.6410
11.5655
11.4884
11.4329
11.4045
11.3798
11.3588
11.3420
11.2966
11.1774
11.0413
10.8877
10.7024
10.5429
10.6525
10.4981
10.2611
10.0746
9.9270
9.7681
9.6155
9.4996
9.3910
9.2910
9.2009
9.0813
8.9914
8.9675
8.9635
8.8567
8.7608
8.7114
8.6608
8.6171
8.5661
8.5157
8.4750
8.4477
8.3924
8.4267
8.5275
8.4574
8.3525
8.2875
8.2337
8.2360
8.1331
7.9601
7.7843
7.5949
7.4056
7.2214
7.0119
6.8159
6.6288
6.4474
6.2595
6.0882
5.9279
5.7787
5.6795
5.5511
5.3628
5.2585
5.1930
5.1194
5.0513
5.0444
5.0649
5.0484
5.0361
5.0209
5.0134
5.0560
5.1125
5.1859
5.2719
5.3677
5.4975
5.6337
5.7756
5.9085
6.0368
6.1642
6.3023
6.4572
6.6004
6.7333
6.9732
7.2944
7.4907
7.6579
7.7848
8.3572
8.7328
8.6944
8.6675
8.7085
8.7733
8.8651
8.9548
9.0681
9.1782
9.2437
9.2694
9.2504
9.2340
9.2029
9.1674
9.1447
9.1244
9.1042
9.0397
8.9252
8.8196
8.7254
8.6502
8.5656
8.4836
8.4116
8.3638
8.3230
8.2642
8.1779
8.1446
8.1528
8.1568
8.1371
8.1225
8.1159
8.1240
8.1273
8.1159
