4.0420
4.0448
4.0408
4.0513
4.0566
4.0656
4.0985
4.1286
4.1424
4.1513
4.1573
4.1656
4.1686
4.2029
4.2928
4.4085
4.5352
4.6913
4.8733
5.0923
5.3134
5.5483
5.8175
6.0876
6.3402
6.5970
6.8407
7.0525
7.2907
7.5405
7.7779
8.0275
8.2915
8.5557
8.8043
9.0109
9.2568
9.5065
9.7282
10.4514
10.9780
11.1303
11.6009
12.2753
12.2358
11.8044
12.0803
12.1880
12.3730
12.4221
12.1806
12.0139
11.8630
11.7637
11.6892
11.6479
11.6343
11.6491
11.6736
11.6796
11.7045
11.7640
11.8221
11.8753
11.9316
12.0065
12.0845
12.1713
12.2565
12.3243
12.4146
12.5187
12.6202
12.7193
12.8049
13.1438
13.3044
13.2681
13.3156
13.3434
13.4495
13.5729
13.8327
13.9353
13.8515
13.8185
13.8382
13.8727
13.9290
13.9474
13.8899
13.7999
13.7357
13.6192
13.4355
13.2531
13.0319
12.8326
12.6146
12.3817
12.1502
11.9359
11.7976
11.6572
11.6149
11.4714
11.2113
10.9985
10.7921
10.5898
10.3930
10.1955
10.0420
9.9040
9.7706
9.6632
9.5372
9.4080
9.2898
9.1841
9.0626
8.9520
8.8399
8.7883
8.7412
8.6713
8.6271
8.6040
8.5706
8.5243
8.4835
8.4515
8.4060
8.3547
8.2565
8.1504
8.0946
8.0494
8.0076
7.9822
8.0033
8.0877
8.1938
8.2700
8.3770
8.4846
8.5607
8.6813
8.8321
8.9891
9.1371
9.3070
9.7298
9.9261
9.9867
10.2754
10.5533
10.6284
10.6777
10.8068
11.0263
11.2408
11.4760
11.6690
11.8221
12.0368
12.9208
13.2485
13.1925
13.3753
13.9944
14.3253
14.0346
13.9138
13.8971
13.8462
13.7651
13.6977
13.7502
13.7706
13.6927
13.6110
13.5125
13.3935
13.2958
13.1954
13.0283
12.8840
12.7635
12.6465
12.5661
12.4874
12.3931
12.3245
12.2917
12.2237
12.1497
12.0892
12.0388
11.9898
11.9766
12.0049
12.0583
12.0575
11.9676
11.8435
11.8529
11.7477
11.4715
11.3190
11.1705
10.8759
10.5904
10.4708
10.3319
10.0656
9.7512
9.4481
9.1697
8.9114
8.6665
8.4492
8.2566
8.0635
7.8763
7.6569
7.4424
7.2465
7.0644
6.8838
6.6849
6.4852
6.2919
6.1195
5.9725
5.8384
5.6949
5.5642
5.4765
5.4114
5.3328
5.2593
5.2393
5.1930
5.0974
4.9914
4.8876
4.7799
4.6446
4.5282
4.4104
4.3160
4.2563
4.1820
4.0997
4.0420
4.0116
3.9577
3.9117
3.9020
3.8642
3.8185
3.7930
3.7877
3.8016
3.8205
3.8196
3.8131
