8.197
8.166
8.18
8.183
8.211
8.22
8.251
8.198
8.19
8.182
8.152
8.128
8.109
8.02
7.873
7.681
7.595
7.382
7.098
6.82
6.671
6.47
6.204
6.002
5.773
5.396
5.185
4.975
4.755
4.491
4.346
4.044
3.841
3.653
3.501
3.334
3.129
2.987
2.744
2.663
2.47
2.271
2.238
2.182
2.189
2.067
2.07
2.005
2.125
2.31
2.407
2.408
3.335
3.828
3.481
3.655
3.588
3.799
4.137
4.378
4.505
4.639
4.357
4.57
4.696
5.098
5.336
5.552
5.831
6.107
6.231
6.635
6.903
7.044
7.292
7.666
7.586
7.851
8.691
8.265
8.426
8.578
8.718
8.726
8.922
9.086
9.251
8.976
8.943
8.872
8.868
8.897
9.378
9.118
8.97
9.019
9.006
9.074
9.174
9.205
9.412
9.332
9.446
9.481
9.518
9.827
9.808
10.437
9.909
9.976
10.086
10.437
10.429
11.16
11.023
10.994
10.979
11.232
11.322
11.363
11.762
11.779
11.719
11.946
11.969
11.877
11.857
11.877
11.85
11.863
11.832
11.698
11.679
11.774
11.595
11.536
11.434
11.366
11.358
11.372
11.336
11.329
11.316
11.2
10.937
10.829
10.62
10.385
10.311
11.026
9.949
9.954
9.773
9.716
9.487
9.383
9.332
9.21
9.137
9.058
8.862
8.88
8.963
8.956
8.604
8.651
8.645
8.571
8.555
8.473
8.439
8.414
8.411
8.277
8.564
8.704
8.205
8.221
8.194
8.149
8.282
7.864
7.673
7.499
7.276
7.103
6.923
6.651
6.517
6.322
6.158
5.946
5.826
5.668
5.544
5.553
5.303
5.029
5.167
5.079
4.997
4.946
5.078
5.098
4.993
5.033
4.986
5.012
5.159
5.199
5.321
5.414
5.53
5.732
5.849
6.014
6.114
6.247
6.37
6.536
6.718
6.82
6.948
7.447
7.84
7.702
7.959
7.946
9.655
9.016
8.468
8.711
8.786
8.892
9.029
9.092
9.275
9.344
9.322
9.294
9.193
9.222
9.134
9.115
9.115
9.09
9.072
8.9
8.717
8.665
8.573
8.542
8.414
8.359
8.298
8.303
8.254
8.156
8.022
8.139
8.175
8.156
8.09
8.11
8.106
8.148
8.124
8.09
