4.042
4.048
4.03
4.085
4.044
4.098
4.157
4.16
4.153
4.166
4.161
4.184
4.162
4.295
4.45
4.581
4.724
4.942
5.142
5.441
5.606
5.919
6.215
6.467
6.689
6.98
7.164
7.341
7.673
7.88
8.119
8.398
8.676
8.93
9.147
9.271
9.681
9.813
10.055
12.036
11.091
11.432
12.563
13.245
11.387
11.366
13.119
11.658
13.254
11.865
11.999
11.73
11.699
11.638
11.597
11.614
11.626
11.693
11.702
11.673
11.773
11.862
11.894
11.955
12.013
12.134
12.184
12.315
12.362
12.415
12.574
12.66
12.769
12.856
12.917
13.918
13.114
13.324
13.393
13.354
13.711
13.684
14.407
13.752
13.781
13.789
13.911
13.904
14.048
13.902
13.779
13.657
13.683
13.364
13.166
12.998
12.667
12.608
12.234
12.084
11.792
11.668
11.653
11.412
11.697
11.043
10.882
10.712
10.489
10.31
10.109
9.913
9.87
9.686
9.6
9.522
9.326
9.243
9.117
9.049
8.858
8.829
8.65
8.804
8.609
8.596
8.573
8.587
8.499
8.462
8.428
8.413
8.32
8.291
8.056
8.036
8.041
7.976
7.958
7.956
8.077
8.245
8.342
8.349
8.588
8.595
8.669
8.904
9.043
9.225
9.331
9.589
10.586
9.763
10.268
10.791
10.861
10.582
10.839
11.01
11.427
11.476
11.892
11.838
12.081
12.382
14.9
12.551
13.592
13.53
15.448
14.042
13.517
14.007
13.782
13.806
13.59
13.662
13.911
13.698
13.551
13.513
13.338
13.226
13.177
13.032
12.73
12.748
12.562
12.505
12.471
12.361
12.251
12.26
12.258
12.077
12.075
11.993
11.985
11.907
12.007
12.053
12.157
11.979
11.8
11.658
12.02
11.351
11.077
11.236
10.857
10.37
10.256
10.425
10.014
9.635
9.285
9.038
8.779
8.557
8.318
8.166
7.986
7.782
7.618
7.299
7.174
6.956
6.826
6.609
6.392
6.204
6.018
5.893
5.774
5.651
5.475
5.402
5.379
5.321
5.203
5.173
5.255
5.063
4.955
4.832
4.747
4.615
4.428
4.4
4.21
4.231
4.17
4.06
3.985
3.984
3.979
3.846
3.881
3.901
3.769
3.776
3.761
3.799
3.828
3.848
3.796
3.815
