11.463
11.482
11.533
11.509
11.533
11.499
11.411
11.36
11.381
11.404
11.512
11.534
11.465
11.404
11.529
11.611
11.361
11.399
11.392
11.429
11.369
11.381
11.374
11.25
11.325
11.332
11.318
11.456
11.531
11.508
11.738
11.652
11.767
11.786
11.923
11.994
12.032
12.105
12.238
12.283
12.401
12.394
12.571
12.41
12.734
12.56
12.705
12.855
12.812
12.82
12.815
12.875
12.924
12.659
12.635
12.46
12.922
12.105
12.528
12.195
11.513
11.312
11.392
11.289
10.963
11.041
10.462
10.918
10.179
9.777
9.899
9.535
9.286
9.099
8.984
8.771
8.656
8.467
8.335
8.234
8.063
7.992
7.888
7.784
7.722
7.652
7.628
7.616
7.427
7.346
7.351
7.256
7.153
6.988
6.943
6.685
6.566
6.335
6.12
5.975
5.721
5.579
5.42
5.231
5.126
5.012
4.864
4.808
4.732
4.7
4.657
4.615
4.497
4.465
4.381
4.403
4.443
4.466
4.486
4.485
4.529
4.621
4.634
4.745
4.89
5.044
5.955
6.328
7.338
6.023
5.114
5.263
5.363
5.493
5.6
5.673
5.692
5.55
5.424
5.333
5.319
5.315
5.261
5.175
5.133
5.108
5.064
5.009
5.059
4.982
5.045
4.984
5.131
5.135
5.227
5.289
5.479
5.647
5.638
5.826
5.981
6.128
6.17
6.4
6.661
7.144
8.22
7.761
7.84
7.899
7.707
9.609
8.541
8.116
8.257
8.397
9.808
9.907
8.26
8.309
8.295
8.372
8.476
8.575
8.676
8.77
8.997
9.123
9.317
9.549
9.635
9.745
9.961
9.915
9.958
10.124
10.231
10.368
10.328
10.354
10.345
10.422
10.232
10.121
10.01
9.935
10.167
9.947
10.261
9.523
9.393
9.263
9.317
9.091
9.079
9.106
8.897
8.862
9.042
8.615
8.703
8.997
8.548
8.514
8.454
8.487
8.472
8.51
8.433
8.361
8.448
8.467
8.372
8.51
8.424
8.515
8.517
8.582
8.706
8.89
8.865
9.11
9.013
9.131
9.219
9.363
9.435
9.715
11.625
10.224
10.348
10.469
10.582
10.914
11.182
11.256
11.492
14.466
11.637
11.801
11.877
11.891
11.889
11.941
11.947
11.891
11.858
11.805
